10 05 01 19
10 05 02 19
10 05 03 19
10 05 04 19
10 05 05 19
10 05 06 19
10 05 07 19
10 05 08 19
10 05 09 19
10 05 10 19
10 05 11 19
10 05 12 19
10 05 13 19
10 05 14 19
10 05 15 19
10 05 16 19
10 05 17 19
10 05 18 19
10 05 19 19
10 05 20 19
10 05 21 19
10 05 22 19
10 05 23 19
10 05 24 19
10 05 25 19
10 05 26 19
10 05 27 19
10 05 28 19
10 05 29 19
10 05 30 19
10 05 31 19
10 06 01 19
10 06 02 19
10 06 03 19
10 06 04 19
10 06 05 19
10 06 06 19
10 06 07 19
10 06 08 19
10 06 09 19
10 06 10 19
10 06 11 19
10 06 12 19
10 06 13 19
10 06 14 19
10 06 15 19
10 06 16 19
10 06 17 19
10 06 18 19
10 06 19 19
10 06 20 19
10 06 21 19
10 06 22 19
10 06 23 19
10 06 24 19
10 06 25 19
10 06 26 19
10 06 27 19
10 06 28 19
10 06 29 19
10 06 30 19
10 07 01 19
10 07 02 19
10 07 03 19
10 07 04 19
10 07 05 19
10 07 06 19
10 07 07 19
10 07 08 19
10 07 09 19
10 07 10 19
10 07 11 19
10 07 12 19
10 07 13 19
10 07 14 19
10 07 15 19
10 07 16 19
10 07 17 19
10 07 18 19
10 07 19 19
10 07 20 19
10 07 21 19
10 07 22 19
10 07 23 19
10 07 24 19
10 07 25 19
10 07 26 19
10 07 27 19
10 07 28 19
10 07 29 19
10 07 30 19
10 07 31 19
10 08 01 19
10 08 02 19
10 08 03 19
10 08 04 19
10 08 05 19
10 08 06 19
10 08 07 19
10 08 08 19
10 08 09 19
10 08 10 19
10 08 11 19
10 08 12 19
10 08 13 19
10 08 14 19
10 08 15 19
10 08 16 19
10 08 17 19
10 08 18 19
10 08 19 19
10 08 20 19
10 08 21 19
10 08 22 19
10 08 23 19
10 08 24 19
10 08 25 19
10 08 26 19
10 08 27 19
10 08 28 19
10 08 29 19
10 08 30 19
10 08 31 19
10 09 01 19
10 09 02 19
10 09 03 19
10 09 04 19
10 09 05 19
10 09 06 19
10 09 07 19
10 09 08 19
10 09 09 19
10 09 10 19
10 09 11 19
10 09 12 19
10 09 13 19
10 09 14 19
10 09 15 19
10 09 16 19
10 09 17 19
10 09 18 19
10 09 19 19
10 09 20 19
10 09 21 19
10 09 22 19
10 09 23 19
10 09 24 19
10 09 25 19
10 09 26 19
10 09 27 19
10 09 28 19
10 09 29 19
10 09 30 19
10 10 01 19
10 10 02 19
10 10 03 19
10 10 04 19
10 10 05 19
10 10 06 19
10 10 07 19
10 10 08 19
10 10 09 19
10 10 10 19
10 10 11 19
10 10 12 19
10 10 13 19
10 10 14 19
10 10 15 19
10 10 16 19
10 10 17 19
10 10 18 19
10 10 19 19
10 10 20 19
10 10 21 19
10 10 22 19
10 10 23 19
10 10 24 19
10 10 25 19
10 10 26 19
10 10 27 19
10 10 28 19
10 10 29 19
10 10 30 19
10 10 31 19
10 11 01 19
11 05 01 19
11 05 02 19
11 05 03 19
11 05 04 19
11 05 05 19
11 05 06 19
11 05 07 19
11 05 08 19
11 05 09 19
11 05 10 19
11 05 11 19
11 05 12 19
11 05 13 19
11 05 14 19
11 05 15 19
11 05 16 19
11 05 17 19
11 05 18 19
11 05 19 19
11 05 20 19
11 05 21 19
11 05 22 19
11 05 23 19
11 05 24 19
11 05 25 19
11 05 26 19
11 05 27 19
11 05 28 19
11 05 29 19
11 05 30 19
11 05 31 19
11 06 01 19
11 06 02 19
11 06 03 19
11 06 04 19
11 06 05 19
11 06 06 19
11 06 07 19
11 06 08 19
11 06 09 19
11 06 10 19
11 06 11 19
11 06 12 19
11 06 13 19
11 06 14 19
11 06 15 19
11 06 16 19
11 06 17 19
11 06 18 19
11 06 19 19
11 06 20 19
11 06 21 19
11 06 22 19
11 06 23 19
11 06 24 19
11 06 25 19
11 06 26 19
11 06 27 19
11 06 28 19
11 06 29 19
11 06 30 19
11 07 01 19
11 07 02 19
11 07 03 19
11 07 04 19
11 07 05 19
11 07 06 19
11 07 07 19
11 07 08 19
11 07 09 19
11 07 10 19
11 07 11 19
11 07 12 19
11 07 13 19
11 07 14 19
11 07 15 19
11 07 16 19
11 07 17 19
11 07 18 19
11 07 19 19
11 07 20 19
11 07 21 19
11 07 22 19
11 07 23 19
11 07 24 19
11 07 25 19
11 07 26 19
11 07 27 19
11 07 28 19
11 07 29 19
11 07 30 19
11 07 31 19
11 08 01 19
11 08 02 19
11 08 03 19
11 08 04 19
11 08 05 19
11 08 06 19
11 08 07 19
11 08 08 19
11 08 09 19
11 08 10 19
11 08 11 19
11 08 12 19
11 08 13 19
11 08 14 19
11 08 15 19
11 08 16 19
11 08 17 19
11 08 18 19
11 08 19 19
11 08 20 19
11 08 21 19
11 08 22 19
11 08 23 19
11 08 24 19
11 08 25 19
11 08 26 19
11 08 27 19
11 08 28 19
11 08 29 19
11 08 30 19
11 08 31 19
11 09 01 19
11 09 02 19
11 09 03 19
11 09 04 19
11 09 05 19
11 09 06 19
11 09 07 19
11 09 08 19
11 09 09 19
11 09 10 19
11 09 11 19
11 09 12 19
11 09 13 19
11 09 14 19
11 09 15 19
11 09 16 19
11 09 17 19
11 09 18 19
11 09 19 19
11 09 20 19
11 09 21 19
11 09 22 19
11 09 23 19
11 09 24 19
11 09 25 19
11 09 26 19
11 09 27 19
11 09 28 19
11 09 29 19
11 09 30 19
11 10 01 19
11 10 02 19
11 10 03 19
11 10 04 19
11 10 05 19
11 10 06 19
11 10 07 19
11 10 08 19
11 10 09 19
11 10 10 19
11 10 11 19
11 10 12 19
11 10 13 19
11 10 14 19
11 10 15 19
11 10 16 19
11 10 17 19
11 10 18 19
11 10 19 19
11 10 20 19
11 10 21 19
11 10 22 19
11 10 23 19
11 10 24 19
11 10 25 19
11 10 26 19
11 10 27 19
11 10 28 19
11 10 29 19
11 10 30 19
11 10 31 19
11 11 01 19
12 05 01 19
12 05 02 19
12 05 03 19
12 05 04 19
12 05 05 19
12 05 06 19
12 05 07 19
12 05 08 19
12 05 09 19
12 05 10 19
12 05 11 19
12 05 12 19
12 05 13 19
12 05 14 19
12 05 15 19
12 05 16 19
12 05 17 19
12 05 18 19
12 05 19 19
12 05 20 19
12 05 21 19
12 05 22 19
12 05 23 19
12 05 24 19
12 05 25 19
12 05 26 19
12 05 27 19
12 05 28 19
12 05 29 19
12 05 30 19
12 05 31 19
12 06 01 19
12 06 02 19
12 06 03 19
12 06 04 19
12 06 05 19
12 06 06 19
12 06 07 19
12 06 08 19
12 06 09 19
12 06 10 19
12 06 11 19
12 06 12 19
12 06 13 19
12 06 14 19
12 06 15 19
12 06 16 19
12 06 17 19
12 06 18 19
12 06 19 19
12 06 20 19
12 06 21 19
12 06 22 19
12 06 23 19
12 06 24 19
12 06 25 19
12 06 26 19
12 06 27 19
12 06 28 19
12 06 29 19
12 06 30 19
12 07 01 19
12 07 02 19
12 07 03 19
12 07 04 19
12 07 05 19
12 07 06 19
12 07 07 19
12 07 08 19
12 07 09 19
12 07 10 19
12 07 11 19
12 07 12 19
12 07 13 19
12 07 14 19
12 07 15 19
12 07 16 19
12 07 17 19
12 07 18 19
12 07 19 19
12 07 20 19
12 07 21 19
12 07 22 19
12 07 23 19
12 07 24 19
12 07 25 19
12 07 26 19
12 07 27 19
12 07 28 19
12 07 29 19
12 07 30 19
12 07 31 19
12 08 01 19
12 08 02 19
12 08 03 19
12 08 04 19
12 08 05 19
12 08 06 19
12 08 07 19
12 08 08 19
12 08 09 19
12 08 10 19
12 08 11 19
12 08 12 19
12 08 13 19
12 08 14 19
12 08 15 19
12 08 16 19
12 08 17 19
12 08 18 19
12 08 19 19
12 08 20 19
12 08 21 19
12 08 22 19
12 08 23 19
12 08 24 19
12 08 25 19
12 08 26 19
12 08 27 19
12 08 28 19
12 08 29 19
12 08 30 19
12 08 31 19
12 09 01 19
12 09 02 19
12 09 03 19
12 09 04 19
12 09 05 19
12 09 06 19
12 09 07 19
12 09 08 19
12 09 09 19
12 09 10 19
12 09 11 19
12 09 12 19
12 09 13 19
12 09 14 19
12 09 15 19
12 09 16 19
12 09 17 19
12 09 18 19
12 09 19 19
12 09 20 19
12 09 21 19
12 09 22 19
12 09 23 19
12 09 24 19
12 09 25 19
12 09 26 19
12 09 27 19
12 09 28 19
12 09 29 19
12 09 30 19
12 10 01 19
12 10 02 19
12 10 03 19
12 10 04 19
12 10 05 19
12 10 06 19
12 10 07 19
12 10 08 19
12 10 09 19
12 10 10 19
12 10 11 19
12 10 12 19
12 10 13 19
12 10 14 19
12 10 15 19
12 10 16 19
12 10 17 19
12 10 18 19
12 10 19 19
12 10 20 19
12 10 21 19
12 10 22 19
12 10 23 19
12 10 24 19
12 10 25 19
12 10 26 19
12 10 27 19
12 10 28 19
12 10 29 19
12 10 30 19
12 10 31 19
12 11 01 19
